0:[1]
1:[0,0]
2:[0,1,0]
3:[0,1,0,0]
4:[0,1,0,0,0]
5:[0,1,1,0,0,0]
6:[0,1,1,0,0,0,0]
7:[0,1,2,0,0,0,0,0]
8:[0,1,2,1,0,0,0,0,0]
9:[0,1,3,1,0,0,0,0,0,0]
10:[0,1,3,3,0,0,0,0,0,0,0]
11:[0,1,4,3,1,0,0,0,0,0,0,0]
12:[0,1,3,6,2,0,0,0,0,0,0,0,0]
13:[0,1,5,6,4,0,0,0,0,0,0,0,0,0]
14:[0,1,5,9,4,2,0,0,0,0,0,0,0,0,0]
15:[0,1,6,8,10,3,0,0,0,0,0,0,0,0,0,0]
16:[0,1,5,14,11,6,0,0,0,0,0,0,0,0,0,0,0]
17:[0,1,7,13,18,7,3,0,0,0,0,0,0,0,0,0,0,0]
18:[0,1,6,19,18,17,4,0,0,0,0,0,0,0,0,0,0,0,0]
19:[0,1,8,17,31,19,10,0,0,0,0,0,0,0,0,0,0,0,0,0]
20:[0,1,7,25,30,35,12,4,0,0,0,0,0,0,0,0,0,0,0,0,0]
21:[0,1,9,22,48,37,29,5,0,0,0,0,0,0,0,0,0,0,0,0,0,0]
22:[0,1,8,32,45,65,33,16,0,0,0,0,0,0,0,0,0,0,0,0,0,0,0]
23:[0,1,10,28,70,66,66,19,5,0,0,0,0,0,0,0,0,0,0,0,0,0,0,0]
24:[0,1,8,40,66,110,70,49,7,0,0,0,0,0,0,0,0,0,0,0,0,0,0,0,0]
25:[0,1,11,35,98,108,132,56,24,0,0,0,0,0,0,0,0,0,0,0,0,0,0,0,0,0]
